running i = 758 random inversion pattern
sum_of_d = 0
[ 36 192   2 228 192   0 204 206  36]
[ 40 196 194 232 128   4 140 142  40]
[ 44 200 130 236  64   8  76  78  44]
[ 32 204  66 224   0  12  12  14  32]
last_run = 3610.8

running i = 75 random inversion pattern
sum_of_d = 0
[ 36 192   2 232 192   0 204 206  36]
[ 40 196 194 236 128   4 140 142  40]
[ 44 200 130 224  64   8  76  78  44]
[ 32 204  66 228   0  12  12  14  32]
last_run = 4607.0

running i = 259 random inversion pattern
sum_of_d = 0
[ 40 192 194 228 192   4  76 206  40]
[ 44 196 130 232 128   8  12 142  44]
[ 32 200  66 236  64  12 204  78  32]
[ 36 204   2 224   0   0 140  14  36]
last_run = 4237.9

running i = 406 random inversion pattern
sum_of_d = 0
[ 32 200  66 224   0   0  12  14  32]
[ 36 204   2 228 192   4 204 206  36]
[ 40 192 194 232 128   8 140 142  40]
[ 44 196 130 236  64  12  76  78  44]
last_run = 4161.4

running i = 986 random inversion pattern
sum_of_d = 0
[ 32 200  66 232   0   0  12  14  32]
[ 36 204   2 236 192   4 204 206  36]
[ 40 192 194 224 128   8 140 142  40]
[ 44 196 130 228  64  12  76  78  44]
last_run = 4036.4